header: 
  seq: 1124
  stamp: 
    secs: 1390580904
    nsecs: 820413000
  frame_id: laser
angle_min: -1.57079637051
angle_max: 1.56466042995
angle_increment: 0.00613592332229
time_increment: 9.76562514552e-05
scan_time: 0.10000000149
range_min: 0.019999999553
range_max: 5.59999990463

ranges: [0.8889999985694885, 0.8859999775886536, 0.8820000290870667, 0.8799999952316284, 0.8740000128746033, 0.8650000095367432, 0.8619999885559082, 0.8579999804496765, 0.8510000109672546, 0.8510000109672546, 0.8510000109672546, 0.8500000238418579, 0.8500000238418579, 0.8500000238418579, 0.843999981880188, 0.8399999737739563, 0.8399999737739563, 0.843999981880188, 0.843999981880188, 0.8360000252723694, 0.8360000252723694, 0.8360000252723694, 0.8330000042915344, 0.8330000042915344, 0.8320000171661377, 0.8270000219345093, 0.824999988079071, 0.8240000009536743, 0.8230000138282776, 0.8140000104904175, 0.8140000104904175, 0.8140000104904175, 0.8140000104904175, 0.8140000104904175, 0.8140000104904175, 0.8059999942779541, 0.8059999942779541, 0.8050000071525574, 0.8059999942779541, 0.8069999814033508, 0.8069999814033508, 0.8050000071525574, 0.8050000071525574, 0.7990000247955322, 0.7990000247955322, 0.8050000071525574, 0.8740000128746033, 0.890999972820282, 0.8960000276565552, 0.8960000276565552, 0.8930000066757202, 0.8930000066757202, 0.8930000066757202, 0.8889999985694885, 0.8889999985694885, 0.8899999856948853, 0.8970000147819519, 0.8949999809265137, 0.8949999809265137, 0.8949999809265137, 0.8960000276565552, 0.8949999809265137, 0.8939999938011169, 0.8930000066757202, 0.8930000066757202, 0.8930000066757202, 0.8930000066757202, 0.8930000066757202, 0.8949999809265137, 0.8930000066757202, 0.8930000066757202, 0.8970000147819519, 0.8930000066757202, 0.8889999985694885, 0.8889999985694885, 0.8960000276565552, 0.8960000276565552, 0.8960000276565552, 0.8960000276565552, 0.8949999809265137, 0.8899999856948853, 0.8899999856948853, 0.8899999856948853, 0.8930000066757202, 0.8960000276565552, 0.8960000276565552, 0.8939999938011169, 0.8939999938011169, 0.8960000276565552, 0.8960000276565552, 0.8960000276565552, 0.8960000276565552, 0.8949999809265137, 0.8949999809265137, 0.8949999809265137, 0.8949999809265137, 0.8970000147819519, 0.8970000147819519, 0.8970000147819519, 0.906000018119812, 0.902999997138977, 0.902999997138977, 0.906000018119812, 0.902999997138977, 0.902999997138977, 0.902999997138977, 0.906000018119812, 0.9139999747276306, 0.9139999747276306, 0.9259999990463257, 0.9259999990463257, 0.9240000247955322, 0.9240000247955322, 0.9259999990463257, 0.9240000247955322, 0.9319999814033508, 0.9319999814033508, 0.9359999895095825, 0.9309999942779541, 0.9369999766349792, 0.9369999766349792, 0.9399999976158142, 0.9399999976158142, 0.9399999976158142, 0.9399999976158142, 0.9409999847412109, 0.9440000057220459, 0.9459999799728394, 0.9470000267028809, 0.9470000267028809, 0.9470000267028809, 0.9490000009536743, 0.949999988079071, 0.9509999752044678, 0.9520000219345093, 0.9520000219345093, 0.9570000171661377, 0.9549999833106995, 0.9549999833106995, 0.9589999914169312, 0.9639999866485596, 0.9589999914169312, 0.9639999866485596, 0.9639999866485596, 0.9639999866485596, 0.9639999866485596, 0.9639999866485596, 0.9639999866485596, 0.9639999866485596, 0.9670000076293945, 0.968999981880188, 0.968999981880188, 0.9710000157356262, 0.9729999899864197, 0.9729999899864197, 0.9679999947547913, 0.9559999704360962, 0.9559999704360962, 0.9399999976158142, 0.9179999828338623, 0.9169999957084656, 0.9129999876022339, 0.8920000195503235, 0.8669999837875366, 0.8659999966621399, 0.8640000224113464, 0.847000002861023, 0.8460000157356262, 0.8460000157356262, 0.8460000157356262, 0.847000002861023, 0.8500000238418579, 0.8510000109672546, 0.8600000143051147, 0.8610000014305115, 0.8709999918937683, 0.8790000081062317, 0.8799999952316284, 0.8799999952316284, 0.8809999823570251, 0.8820000290870667, 0.8840000033378601, 0.8870000243186951, 0.8980000019073486, 0.9419999718666077, 0.9549999833106995, 0.9620000123977661, 0.9670000076293945, 0.9700000286102295, 0.9729999899864197, 0.9779999852180481, 0.9819999933242798, 0.9860000014305115, 0.9929999709129333, 1.9670000076293945, 1.9989999532699585, 2.003999948501587, 2.0230000019073486, 2.0460000038146973, 2.052000045776367, 2.058000087738037, 2.0799999237060547, 2.0880000591278076, 2.1010000705718994, 2.1110000610351562, 2.134999990463257, 2.13700008392334, 2.1459999084472656, 2.1570000648498535, 2.177999973297119, 2.180000066757202, 2.2139999866485596, 2.2320001125335693, 2.240999937057495, 2.256999969482422, 2.2660000324249268, 2.2720000743865967, 2.2720000743865967, 2.2720000743865967, 2.2690000534057617, 2.255000114440918, 2.242000102996826, 2.242000102996826, 2.242000102996826, 2.242000102996826, 2.239000082015991, 2.239000082015991, 2.2320001125335693, 2.2090001106262207, 2.203000068664551, 2.187000036239624, 2.186000108718872, 2.171999931335449, 2.1579999923706055, 2.1540000438690186, 2.13700008392334, 2.125, 2.114000082015991, 2.111999988555908, 2.0920000076293945, 2.0880000591278076, 2.0789999961853027, 2.066999912261963, 2.058000087738037, 2.052999973297119, 2.0420000553131104, 2.0360000133514404, 2.0269999504089355, 2.0139999389648438, 2.009999990463257, 1.9980000257492065, 1.9889999628067017, 1.9839999675750732, 1.9839999675750732, 1.9780000448226929, 1.9700000286102295, 1.965000033378601, 1.9479999542236328, 1.9390000104904175, 1.9359999895095825, 1.9290000200271606, 1.9279999732971191, 1.9240000247955322, 1.9160000085830688, 1.9149999618530273, 1.906000018119812, 1.902999997138977, 1.8919999599456787, 1.8919999599456787, 1.8919999599456787, 1.9210000038146973, 1.9509999752044678, 2.00600004196167, 2.00600004196167, 2.00600004196167, 2.002000093460083, 2.000999927520752, 2.0, 1.9989999532699585, 1.9989999532699585, 1.9900000095367432, 1.9889999628067017, 1.9830000400543213, 1.9819999933242798, 1.9819999933242798, 1.9730000495910645, 1.9709999561309814, 1.968999981880188, 1.9630000591278076, 1.9609999656677246, 1.9609999656677246, 1.9600000381469727, 1.9459999799728394, 1.9450000524520874, 1.944000005722046, 1.934000015258789, 1.934000015258789, 1.930999994277954, 1.930999994277954, 1.9290000200271606, 1.9270000457763672, 1.909999966621399, 1.9129999876022339, 1.9129999876022339, 1.9129999876022339, 1.9160000085830688, 1.9160000085830688, 1.9160000085830688, 1.909999966621399, 1.9049999713897705, 1.9049999713897705, 1.902999997138977, 1.8990000486373901, 1.8990000486373901, 1.8990000486373901, 1.8969999551773071, 1.8960000276565552, 1.8949999809265137, 1.8860000371932983, 1.8830000162124634, 1.8830000162124634, 1.8830000162124634, 1.8830000162124634, 1.8769999742507935, 1.8739999532699585, 1.8730000257492065, 1.8730000257492065, 1.8730000257492065, 1.871000051498413, 1.871000051498413, 1.871999979019165, 1.8730000257492065, 1.871999979019165, 1.871999979019165, 1.8730000257492065, 1.8700000047683716, 1.8700000047683716, 1.871999979019165, 1.871999979019165, 1.8680000305175781, 1.8680000305175781, 1.8680000305175781, 1.8680000305175781, 1.8680000305175781, 1.8660000562667847, 1.86899995803833, 1.86899995803833, 1.8660000562667847, 1.8609999418258667, 1.784999966621399, 1.784999966621399, 1.784999966621399, 1.7860000133514404, 1.7949999570846558, 1.7979999780654907, 1.809000015258789, 1.812000036239624, 1.8140000104904175, 1.8209999799728394, 1.8209999799728394, 1.8229999542236328, 1.8240000009536743, 1.8270000219345093, 1.8309999704360962, 1.840000033378601, 1.840999960899353, 1.8489999771118164, 1.8519999980926514, 1.8519999980926514, 1.8539999723434448, 1.8569999933242798, 1.8650000095367432, 1.8680000305175781, 1.8680000305175781, 1.8680000305175781, 1.8609999418258667, 1.8609999418258667, 1.8559999465942383, 1.8509999513626099, 1.8509999513626099, 1.8459999561309814, 1.8459999561309814, 1.8450000286102295, 1.8450000286102295, 1.8450000286102295, 1.906000018119812, 1.9579999446868896, 1.9630000591278076, 1.9670000076293945, 1.9670000076293945, 1.9700000286102295, 1.9789999723434448, 1.9789999723434448, 1.9789999723434448, 1.9500000476837158, 1.9500000476837158, 1.9490000009536743, 1.9429999589920044, 1.9049999713897705, 1.9049999713897705, 1.9049999713897705, 1.9259999990463257, 1.9270000457763672, 1.9279999732971191, 1.9470000267028809, 1.9559999704360962, 1.965999960899353, 1.9670000076293945, 1.9830000400543213, 1.9830000400543213, 1.9859999418258667, 2.002000093460083, 2.010999917984009, 2.01200008392334, 2.0179998874664307, 2.0369999408721924, 2.0380001068115234, 2.0409998893737793, 2.0429999828338623, 2.0460000038146973, 2.055999994277954, 2.058000087738037, 2.059000015258789, 2.061000108718872, 2.066999912261963, 2.075000047683716, 2.0759999752044678, 2.117000102996826, 2.1540000438690186, 2.1619999408721924, 2.1619999408721924, 2.1619999408721924, 2.1619999408721924, 2.1700000762939453, 2.190999984741211, 2.193000078201294, 2.2049999237060547, 2.2200000286102295, 2.2230000495910645, 2.247999906539917, 2.256999969482422, 2.2660000324249268, 2.2690000534057617, 2.2880001068115234, 2.2950000762939453, 2.319999933242798, 2.322999954223633, 2.3269999027252197, 2.3450000286102295, 2.3529999256134033, 2.3540000915527344, 2.3540000915527344, 2.3540000915527344, 2.319999933242798, 2.305000066757202, 2.2990000247955322, 2.2760000228881836, 2.2669999599456787, 2.24399995803833, 2.2290000915527344, 2.2160000801086426, 2.2100000381469727, 2.196000099182129, 2.194000005722046, 2.1659998893737793, 2.1530001163482666, 2.1410000324249268, 2.1389999389648438, 2.132999897003174, 2.128999948501587, 2.132999897003174, 2.1389999389648438, 2.1530001163482666, 2.1570000648498535, 2.177000045776367, 2.187999963760376, 2.2079999446868896, 2.2300000190734863, 2.2330000400543213, 2.253000020980835, 2.253000020980835, 2.253000020980835, 0.8669999837875366, 0.8619999885559082, 0.8429999947547913, 0.8429999947547913, 0.8379999995231628, 0.8370000123977661, 0.8320000171661377, 0.8270000219345093, 0.8270000219345093, 0.8320000171661377, 0.8270000219345093, 0.8330000042915344, 0.8349999785423279, 0.8410000205039978, 0.843999981880188, 0.8489999771118164, 0.8550000190734863, 0.8579999804496765, 0.8579999804496765, 0.8880000114440918, 0.902999997138977, 0.9049999713897705, 0.9100000262260437, 0.9120000004768372, 0.9150000214576721, 0.9150000214576721, 0.9190000295639038, 0.921999990940094, 0.9240000247955322, 0.925000011920929]

