header: 
  seq: 77
  stamp: 
    secs: 1390580800
    nsecs: 171270000
  frame_id: laser
angle_min: -1.57079637051
angle_max: 1.56466042995
angle_increment: 0.00613592332229
time_increment: 9.76562514552e-05
scan_time: 0.10000000149
range_min: 0.019999999553
range_max: 5.59999990463

ranges: [0.9649999737739563, 0.9629999995231628, 0.9610000252723694, 0.9580000042915344, 0.9580000042915344, 0.9580000042915344, 0.9580000042915344, 0.9580000042915344, 0.9589999914169312, 0.9589999914169312, 0.9639999866485596, 0.9660000205039978, 0.9670000076293945, 0.9700000286102295, 0.9819999933242798, 0.9819999933242798, 0.9810000061988831, 0.9819999933242798, 0.9829999804496765, 0.9810000061988831, 0.9829999804496765, 0.9850000143051147, 0.984000027179718, 0.984000027179718, 0.984000027179718, 0.9819999933242798, 0.9810000061988831, 0.9750000238418579, 0.9739999771118164, 0.9750000238418579, 0.9700000286102295, 0.9700000286102295, 0.9700000286102295, 0.9679999947547913, 0.9670000076293945, 0.9660000205039978, 0.9660000205039978, 0.9660000205039978, 0.968999981880188, 0.968999981880188, 0.968999981880188, 0.9729999899864197, 0.9729999899864197, 0.9760000109672546, 0.9760000109672546, 0.9760000109672546, 0.9779999852180481, 0.9779999852180481, 0.9800000190734863, 0.9810000061988831, 0.9810000061988831, 0.9810000061988831, 0.9909999966621399, 0.9909999966621399, 0.9929999709129333, 0.9929999709129333, 0.9929999709129333, 0.9990000128746033, 0.9990000128746033, 0.9990000128746033, 1.0010000467300415, 1.0049999952316284, 1.0069999694824219, 1.0099999904632568, 1.0119999647140503, 1.0099999904632568, 1.0119999647140503, 1.0180000066757202, 1.0199999809265137, 1.0230000019073486, 1.0240000486373901, 1.027999997138977, 1.034000039100647, 1.034000039100647, 1.034000039100647, 1.003999948501587, 0.984000027179718, 0.9629999995231628, 0.9580000042915344, 0.9480000138282776, 0.9480000138282776, 0.9549999833106995, 0.9549999833106995, 0.9549999833106995, 0.9570000171661377, 0.9679999947547913, 0.9679999947547913, 0.9700000286102295, 0.9700000286102295, 0.9800000190734863, 0.9819999933242798, 0.9819999933242798, 0.9879999756813049, 1.0019999742507935, 1.0260000228881836, 1.0529999732971191, 1.055999994277954, 1.0640000104904175, 1.069000005722046, 1.0709999799728394, 1.0729999542236328, 1.0770000219345093, 1.0859999656677246, 1.0870000123977661, 2.00600004196167, 2.010999917984009, 2.0239999294281006, 2.0239999294281006, 2.0350000858306885, 2.0510001182556152, 2.0510001182556152, 2.055000066757202, 2.0799999237060547, 2.0869998931884766, 2.0869998931884766, 2.0999999046325684, 2.11899995803833, 2.121000051498413, 2.128999948501587, 2.1500000953674316, 2.1540000438690186, 2.1640000343322754, 2.183000087738037, 2.188999891281128, 2.1989998817443848, 2.2230000495910645, 2.2320001125335693, 2.23799991607666, 2.252000093460083, 2.2669999599456787, 2.2750000953674316, 2.296999931335449, 2.308000087738037, 2.316999912261963, 2.3369998931884766, 2.3389999866485596, 2.3389999866485596, 2.3389999866485596, 2.3389999866485596, 2.315000057220459, 2.313999891281128, 2.313999891281128, 2.313999891281128, 2.313999891281128, 2.302999973297119, 2.302999973297119, 2.2899999618530273, 2.2769999504089355, 2.25600004196167, 2.253000020980835, 2.2320001125335693, 2.2209999561309814, 2.2139999866485596, 2.203000068664551, 2.184999942779541, 2.183000087738037, 2.1640000343322754, 2.1489999294281006, 2.1410000324249268, 2.119999885559082, 2.118000030517578, 2.1019999980926514, 2.0880000591278076, 2.0859999656677246, 2.0789999961853027, 2.068000078201294, 2.053999900817871, 2.0450000762939453, 2.0350000858306885, 2.0239999294281006, 2.0239999294281006, 2.0169999599456787, 2.01200008392334, 2.002000093460083, 1.9980000257492065, 1.996999979019165, 1.9759999513626099, 1.9700000286102295, 1.9579999446868896, 1.9550000429153442, 1.9479999542236328, 1.940999984741211, 1.937000036239624, 1.9270000457763672, 1.9270000457763672, 1.937000036239624, 1.937999963760376, 1.9639999866485596, 2.005000114440918, 2.0490000247955322, 2.049999952316284, 2.049999952316284, 2.049999952316284, 2.0420000553131104, 2.0290000438690186, 2.0280001163482666, 2.013000011444092, 2.013000011444092, 2.007999897003174, 2.005000114440918, 1.996999979019165, 1.99399995803833, 1.9839999675750732, 1.9830000400543213, 1.9730000495910645, 1.972000002861023, 1.9709999561309814, 1.9630000591278076, 1.9559999704360962, 1.9550000429153442, 1.9529999494552612, 1.9459999799728394, 1.9459999799728394, 1.937999963760376, 1.9270000457763672, 1.9240000247955322, 1.9240000247955322, 1.9220000505447388, 1.9160000085830688, 1.909999966621399, 1.9049999713897705, 1.9049999713897705, 1.902999997138977, 1.9019999504089355, 1.9019999504089355, 1.8969999551773071, 1.8969999551773071, 1.8960000276565552, 1.8949999809265137, 1.8880000114440918, 1.878000020980835, 1.871999979019165, 1.871999979019165, 1.871999979019165, 1.871999979019165, 1.871000051498413, 1.8669999837875366, 1.8669999837875366, 1.8609999418258667, 1.8550000190734863, 1.8550000190734863, 1.8539999723434448, 1.8530000448226929, 1.8550000190734863, 1.8480000495910645, 1.847000002861023, 1.8450000286102295, 1.843000054359436, 1.843000054359436, 1.8380000591278076, 1.840000033378601, 1.840000033378601, 1.8389999866485596, 1.8380000591278076, 1.8380000591278076, 1.8380000591278076, 1.8380000591278076, 1.8380000591278076, 1.8380000591278076, 1.8359999656677246, 1.8380000591278076, 1.8339999914169312, 1.8300000429153442, 1.8259999752044678, 1.7860000133514404, 1.7389999628067017, 1.7389999628067017, 1.7389999628067017, 1.75, 1.753999948501587, 1.7549999952316284, 1.7610000371932983, 1.7619999647140503, 1.7640000581741333, 1.7660000324249268, 1.7669999599456787, 1.7690000534057617, 1.7769999504089355, 1.777999997138977, 1.781999945640564, 1.7869999408721924, 1.7960000038146973, 1.7970000505447388, 1.7970000505447388, 1.7990000247955322, 1.7990000247955322, 1.7999999523162842, 1.7999999523162842, 1.7990000247955322, 1.7990000247955322, 1.7899999618530273, 1.7879999876022339, 1.7879999876022339, 1.7879999876022339, 1.7760000228881836, 1.774999976158142, 1.7730000019073486, 1.7730000019073486, 1.7680000066757202, 1.7669999599456787, 1.7669999599456787, 1.7680000066757202, 1.8079999685287476, 1.878000020980835, 1.878999948501587, 1.8890000581741333, 1.8969999551773071, 1.8969999551773071, 1.8990000486373901, 1.9019999504089355, 1.9019999504089355, 1.8930000066757202, 1.871000051498413, 1.871000051498413, 1.8569999933242798, 1.8539999723434448, 1.8109999895095825, 1.8109999895095825, 1.8109999895095825, 1.8179999589920044, 1.8179999589920044, 1.8270000219345093, 1.8459999561309814, 1.8509999513626099, 1.8619999885559082, 1.8630000352859497, 1.875, 1.8890000581741333, 1.8899999856948853, 1.902999997138977, 1.902999997138977, 1.9179999828338623, 1.9190000295639038, 1.9240000247955322, 1.9259999990463257, 1.934000015258789, 1.934999942779541, 1.9429999589920044, 1.9470000267028809, 1.9479999542236328, 1.9630000591278076, 1.965999960899353, 1.9739999771118164, 1.9759999513626099, 1.9780000448226929, 1.9830000400543213, 1.9830000400543213, 1.9880000352859497, 2.0450000762939453, 2.0450000762939453, 2.0450000762939453, 2.049999952316284, 2.049999952316284, 2.049999952316284, 2.062000036239624, 2.062999963760376, 2.0789999961853027, 2.0859999656677246, 2.0929999351501465, 2.1059999465942383, 2.117000102996826, 2.121999979019165, 2.127000093460083, 2.131999969482422, 2.1500000953674316, 2.1510000228881836, 2.174999952316284, 2.196000099182129, 2.197999954223633, 2.2039999961853027, 2.2109999656677246, 2.2149999141693115, 2.2149999141693115, 2.2149999141693115, 2.2149999141693115, 2.2139999866485596, 2.190000057220459, 2.184999942779541, 2.1619999408721924, 2.1429998874664307, 2.122999906539917, 2.118000030517578, 2.0959999561309814, 2.0920000076293945, 2.069999933242798, 2.0439999103546143, 2.0360000133514404, 2.0250000953674316, 2.007999897003174, 1.996000051498413, 1.99399995803833, 1.99399995803833, 1.9830000400543213, 1.9830000400543213, 1.996999979019165, 1.9989999532699585, 2.013000011444092, 2.0309998989105225, 2.049999952316284, 2.061000108718872, 2.078000068664551, 2.0810000896453857, 2.1050000190734863, 2.125, 2.13100004196167, 2.140000104904175, 2.1610000133514404, 2.174999952316284, 2.187000036239624, 2.2160000801086426, 2.2230000495910645, 2.240999937057495, 2.26200008392334, 2.2809998989105225, 2.2980000972747803, 2.305000066757202, 2.305000066757202, 2.305000066757202, 0.8019999861717224, 0.7900000214576721, 0.7860000133514404, 0.7860000133514404, 0.7839999794960022, 0.7730000019073486, 0.7710000276565552, 0.7710000276565552, 0.7680000066757202, 0.7680000066757202, 0.7770000100135803, 0.7770000100135803, 0.7770000100135803, 0.7789999842643738, 0.7839999794960022, 0.7889999747276306, 0.7929999828338623, 0.7950000166893005, 0.8119999766349792, 0.8169999718666077, 0.8240000009536743, 0.8240000009536743, 0.8360000252723694, 0.8410000205039978, 0.8410000205039978, 0.8399999737739563, 0.8410000205039978, 0.8460000157356262, 0.8399999737739563, 0.8399999737739563, 0.5879999995231628, 0.5809999704360962, 0.5540000200271606, 0.4410000145435333, 0.4390000104904175, 0.4339999854564667, 0.4300000071525574, 0.4300000071525574, 0.42800000309944153, 0.4259999990463257, 0.4259999990463257, 0.42500001192092896, 0.42500001192092896, 0.4180000126361847, 0.4169999957084656, 0.4169999957084656, 0.41100001335144043, 0.41100001335144043, 0.4099999964237213, 0.4099999964237213, 0.4099999964237213, 0.4090000092983246, 0.4059999883174896, 0.4059999883174896, 0.4059999883174896, 0.39500001072883606, 0.3930000066757202, 0.39399999380111694, 0.39399999380111694, 0.39399999380111694, 0.39899998903274536, 0.4009999930858612, 0.4050000011920929, 0.4090000092983246, 0.41200000047683716, 0.414000004529953, 0.42800000309944153, 0.42800000309944153, 0.4300000071525574, 0.4300000071525574, 0.4309999942779541, 0.4309999942779541, 0.4779999852180481, 0.531000018119812, 0.5360000133514404, 0.5389999747276306, 0.5389999747276306, 0.5389999747276306, 0.5440000295639038, 0.550000011920929, 0.550000011920929, 0.550000011920929, 0.5540000200271606, 0.5540000200271606, 0.5540000200271606, 0.5630000233650208, 0.5630000233650208, 0.5659999847412109, 0.574999988079071, 0.5929999947547913, 0.6129999756813049, 0.6129999756813049, 0.6129999756813049, 0.6129999756813049]

