header: 
  seq: 3180
  stamp: 
    secs: 1433343131
    nsecs: 392722944
  frame_id: /laser
angle_min: -3.14159011841
angle_max: 3.14159011841
angle_increment: 0.00609999988228
time_increment: 0.0
scan_time: 0.0333333313465
range_min: 0.019999999553
range_max: 5.59999990463

ranges: [2.6864964962005615, 2.6804869174957275, 2.6864709854125977, 2.686448574066162, 2.68641996383667, 2.681384563446045, 2.6813430786132812, 2.6812949180603027, 2.6812407970428467, 2.681180000305176, 2.682112693786621, 2.6860389709472656, 2.6869590282440186, 2.686872720718384, 2.686779737472534, 2.686680793762207, 2.692462921142578, 2.6943447589874268, 2.6942200660705566, 2.696089029312134, 2.697951316833496, 2.69880747795105, 2.698657274246216, 2.700500726699829, 2.7003378868103027, 2.7021687030792236, 2.702993154525757, 2.708810806274414, 2.708622694015503, 2.710427761077881, 2.713226795196533, 2.7218053340911865, 2.721585273742676, 2.7243590354919434, 2.733125686645508, 2.73388671875, 2.7386412620544434, 2.738389730453491, 2.74613094329834, 2.7438673973083496, 2.7455968856811523, 2.7473204135894775, 2.7540366649627686, 2.757746934890747, 2.7594516277313232, 2.765148878097534, 2.765841484069824, 2.772526264190674, 2.7828776836395264, 2.7845449447631836, 2.7932040691375732, 2.7928593158721924, 2.7965075969696045, 2.7971503734588623, 2.8227806091308594, 2.822411060333252, 2.8260345458984375, 2.8446476459503174, 2.852257490158081, 2.8778560161590576, 2.883453607559204, 2.88504695892334, 2.8966305255889893, 2.904209613800049, 2.914781332015991, 2.914350748062134, 2.9279096126556396, 2.9304656982421875, 2.9400136470794678, 2.9595518112182617, 2.961090087890625, 2.9621503353118896, 2.9746663570404053, 2.9831783771514893, 2.9886856079101562, 2.9911880493164062, 3.001681089401245, 3.0111687183380127, 3.0166523456573486, 3.0351243019104004, 3.036597728729248, 3.044062614440918, 3.047523260116577, 3.0639724731445312, 3.0764174461364746, 3.0758626461029053, 3.086297035217285, 0.6239619851112366, 0.6179134249687195, 0.607940137386322, 0.6053984761238098, 0.6042163968086243, 0.6026417016983032, 0.5994815826416016, 0.5875319838523865, 0.5859435796737671, 0.584703266620636, 0.5840767025947571, 0.5834459662437439, 0.585728645324707, 0.5841161608695984, 0.583795428276062, 0.5756922960281372, 0.5714636445045471, 0.5707980990409851, 0.5720652937889099, 0.5713908076286316, 0.5700295567512512, 0.5703098773956299, 0.5705854296684265, 0.5672585368156433, 0.5665557384490967, 0.5658488869667053, 0.5634592175483704, 0.5646682381629944, 0.5658722519874573, 0.5605621337890625, 0.5636768341064453, 0.5619751811027527, 0.5612320303916931, 0.5606948733329773, 6.599999904632568, 0.5639825463294983, 0.5670599937438965, 0.5662896633148193, 0.5655155181884766, 0.5647375583648682, 0.5622116327285767, 0.5623811483383179, 0.560630202293396, 0.5598338842391968, 0.560143768787384, 0.559335470199585, 0.5623494982719421, 0.5615323781967163, 0.5654934644699097, 0.5675367712974548, 0.5714896321296692, 0.5716097354888916, 6.599999904632568, 0.5803420543670654, 6.599999904632568, 6.599999904632568, 6.599999904632568, 6.599999904632568, 6.599999904632568, 6.599999904632568, 6.599999904632568, 6.599999904632568, 6.599999904632568, 6.599999904632568, 6.599999904632568, 6.599999904632568, 6.599999904632568, 6.599999904632568, 6.599999904632568, 6.599999904632568, 6.599999904632568, 6.599999904632568, 6.599999904632568, 6.599999904632568, 6.599999904632568, 6.599999904632568, 6.599999904632568, 6.599999904632568, 6.599999904632568, 6.599999904632568, 6.599999904632568, 6.599999904632568, 6.599999904632568, 6.599999904632568, 6.599999904632568, 6.599999904632568, 6.599999904632568, 6.599999904632568, 6.599999904632568, 6.599999904632568, 6.599999904632568, 6.599999904632568, 4.056155681610107, 4.025177001953125, 4.021181106567383, 3.986213445663452, 3.978227138519287, 3.9732418060302734, 3.9582676887512207, 3.949291944503784, 3.9433164596557617, 5.270514965057373, 3.8444266319274902, 5.224486827850342, 5.2134623527526855, 5.204433917999268, 5.193404197692871, 5.1753764152526855, 5.169339179992676, 5.142311096191406, 5.129272937774658, 5.124228477478027, 5.10918664932251, 5.096141338348389, 5.08709192276001, 5.079039573669434, 5.069985866546631, 5.061929225921631, 5.060865879058838, 5.01682710647583, 5.010763645172119, 5.003697872161865, 5.002626895904541, 4.994557857513428, 4.975494384765625, 4.96842098236084, 4.962345600128174, 4.959266185760498, 4.95518684387207, 4.937113285064697, 4.936028003692627, 4.915953159332275, 4.912866115570068, 4.908777236938477, 4.898691654205322, 4.8936004638671875, 4.892505645751953, 4.873421669006348, 4.8683271408081055, 0.6190547347068787, 0.6179537773132324, 0.6187639236450195, 4.851932048797607, 0.6165560483932495, 4.823741436004639, 0.6192753314971924, 0.5442521572113037, 0.541547954082489, 0.5407522916793823, 0.6167547106742859, 0.5380553007125854, 0.5344119668006897, 0.6094390749931335, 0.5326741337776184, 0.5328382849693298, 0.5311049222946167, 0.5303226709365845, 0.5323876142501831, 0.5325556993484497, 0.5978102087974548, 0.5317763090133667, 0.5309982299804688, 0.5321165323257446, 0.5294460654258728, 0.5296183228492737, 4.754383563995361, 0.5269526839256287, 0.5280722379684448, 0.5282461643218994, 0.5293659567832947, 0.5295402407646179, 0.5287696123123169, 0.5958490371704102, 0.5270552039146423, 0.5272305011749268, 0.5283498764038086, 0.5285249948501587, 0.5296439528465271, 0.5317068696022034, 0.5318810343742371, 0.5311111211776733, 0.5322285890579224, 0.5333457589149475, 0.5306882858276367, 0.5327473282814026, 0.5366938710212708, 0.534977376461029, 0.5360913872718811, 0.5372048020362854, 0.5383173823356628, 0.5952203273773193, 0.5337702035903931, 0.5348807573318481, 0.5359904170036316, 0.5370992422103882, 0.5393138527870178, 0.5423064827919006, 0.5415245890617371, 0.5445155501365662, 0.5418444275856018, 0.5448324680328369, 0.5440456867218018, 0.5470318794250488, 0.5462421178817749, 0.5492262840270996, 0.5503215193748474, 0.5581787824630737, 0.5592707991600037, 0.5565788149833679, 0.6093506217002869, 0.555776834487915, 0.5521399974822998, 0.5532242655754089, 4.9112982749938965, 0.5553880333900452, 0.5555227398872375, 0.5566003322601318, 0.5576761364936829, 0.5598226189613342, 0.5637308359146118, 0.565746545791626, 0.5668141841888428, 0.567879855632782, 0.5651565194129944, 0.5662175416946411, 0.5672765970230103, 0.568333625793457, 0.5838270783424377, 0.5839284658432007, 0.5849775671958923, 0.5822243094444275, 0.5832682847976685, 0.579561173915863, 0.585349440574646, 0.5882881879806519, 0.5922595262527466, 0.5932906866073608, 0.592415452003479, 6.599999904632568, 0.5782288312911987, 0.5792483687400818, 0.5802655220031738, 6.599999904632568, 6.599999904632568, 6.599999904632568, 6.599999904632568, 4.022421836853027, 4.023421287536621, 4.024417400360107, 4.054387092590332, 4.05537748336792, 4.063358783721924, 4.097316265106201, 4.110287666320801, 4.119259834289551, 4.126229763031006, 4.128200054168701, 4.130167007446289, 4.131131649017334, 6.599999904632568, 6.599999904632568, 6.599999904632568, 6.599999904632568, 6.599999904632568, 6.599999904632568, 6.599999904632568, 6.599999904632568, 6.599999904632568, 6.599999904632568, 6.599999904632568, 6.599999904632568, 6.599999904632568, 6.599999904632568, 6.599999904632568, 6.599999904632568, 6.599999904632568, 6.599999904632568, 6.599999904632568, 6.599999904632568, 6.599999904632568, 6.599999904632568, 6.599999904632568, 6.599999904632568, 6.599999904632568, 6.599999904632568, 6.599999904632568, 6.599999904632568, 6.599999904632568, 6.599999904632568, 6.599999904632568, 6.599999904632568, 6.599999904632568, 6.599999904632568, 6.599999904632568, 6.599999904632568, 6.599999904632568, 1.2380545139312744, 1.225947618484497, 1.2267457246780396, 1.2275394201278687, 1.248982548713684, 1.250758171081543, 1.2505422830581665, 1.251315712928772, 1.2500966787338257, 1.2498670816421509, 1.2506266832351685, 1.251381754875183, 1.248155951499939, 1.2575966119766235, 1.2583338022232056, 1.2590662240982056, 1.2667557001113892, 1.2684739828109741, 1.2691930532455444, 1.2765862941741943, 1.2772916555404663, 1.2779922485351562, 1.2737127542495728, 1.27440345287323, 1.278074860572815, 1.2787561416625977, 1.2794325351715088, 1.280104160308838, 1.269486665725708, 1.2671561241149902, 1.2678070068359375, 1.2684530019760132, 1.2710856199264526, 1.2717217206954956, 1.279323935508728, 1.2859264612197876, 1.2921462059020996, 1.2927583456039429, 1.293365478515625, 1.2939674854278564, 1.2935680150985718, 1.2941597700119019, 1.2927533388137817, 1.297897219657898, 1.3004618883132935, 1.3070088624954224, 1.3125544786453247, 1.3180956840515137, 1.318647027015686, 2.476313591003418, 2.4658572673797607, 2.4603919982910156, 2.4489245414733887, 2.438450813293457, 2.423973560333252, 2.420482873916626, 2.4079926013946533, 2.4034907817840576, 2.399982452392578, 2.393470525741577, 2.3789570331573486, 2.373432159423828, 2.3699002265930176, 2.3663620948791504, 2.3668160438537598, 2.3537139892578125, 2.3321616649627686, 2.3325915336608887, 2.3330156803131104, 6.599999904632568, 6.599999904632568, 6.599999904632568, 6.599999904632568, 6.599999904632568, 6.599999904632568, 2.279841661453247, 2.2632243633270264, 2.2595956325531006, 2.2499630451202393, 2.2503204345703125, 2.250671625137329, 2.251016855239868, 2.2396934032440186, 2.2370212078094482, 2.237342357635498, 2.231658935546875, 2.227968692779541, 2.221273422241211, 2.2115726470947266, 2.2088634967803955, 2.2071478366851807, 2.207425832748413, 2.198699951171875, 2.1969656944274902, 2.193225860595703, 2.192479133605957, 2.186727285385132, 2.182203531265259, 2.182431697845459, 2.1746554374694824, 2.1718719005584717, 2.170081853866577, 2.170285224914551, 2.168482780456543, 2.1656744480133057, 2.1648592948913574, 2.159038782119751, 2.1542115211486816, 2.1523778438568115, 2.15269136428833, 2.151838779449463, 2.1409804821014404, 2.139115333557129, 2.138244152069092, 2.136366605758667, 2.1374826431274414, 2.135592460632324, 2.1306960582733154, 2.129793643951416, 2.129884719848633, 2.128969192504883, 2.129119873046875, 2.129185914993286, 2.1262457370758057, 2.1252989768981934, 2.1243462562561035, 2.123387098312378, 2.1234214305877686, 2.1214497089385986, 2.121471643447876, 2.1194875240325928, 2.1214969158172607, 2.121500015258789, 2.1274871826171875, 2.130471706390381, 2.1334497928619385, 2.1304214000701904, 2.1303868293762207, 2.1243460178375244, 2.1212990283966064, 2.1152455806732178, 2.1151859760284424, 2.1151201725006104, 2.1180479526519775, 2.121884822845459, 2.1207938194274902, 2.117696762084961, 2.120593309402466, 2.120483636856079, 2.1203672885894775, 2.1212449073791504, 2.1271162033081055, 2.127981424331665, 2.127840280532837, 2.1276931762695312, 2.1335391998291016, 2.1352133750915527, 2.13904070854187, 2.138862371444702, 2.1386773586273193, 2.138486623764038, 2.141289234161377, 2.1420857906341553, 2.142876148223877, 2.142660617828369, 2.149437427520752, 2.1502091884613037, 2.1549739837646484, 6.599999904632568, 6.599999904632568, 6.599999904632568, 6.599999904632568, 6.599999904632568, 6.599999904632568, 2.1788713932037354, 2.178581714630127, 2.178286075592041, 2.1829824447631836, 2.1836740970611572, 2.185359239578247, 2.1860384941101074, 2.200374126434326, 2.2090322971343994, 2.2086875438690186, 2.2123353481292725, 2.212977886199951, 2.2126152515411377, 2.2222421169281006, 2.224865436553955, 2.2264838218688965, 2.229095458984375, 2.230701446533203, 2.244295597076416, 2.2478883266448975, 2.24847674369812, 2.259054183959961, 2.2641987800598145, 2.275757074356079, 2.2793140411376953, 2.281865358352661, 2.283411741256714, 2.290947914123535, 2.295480489730835, 2.3020055294036865, 2.307525396347046, 2.315037965774536, 2.3265416622161865, 2.3320438861846924, 2.33254337310791, 2.3420305252075195, 2.3475148677825928, 2.3529934883117676, 2.354468822479248, 2.364932060241699, 2.3783867359161377, 2.379844903945923, 2.401728868484497, 2.4101641178131104, 2.4115993976593018, 2.429015636444092, 2.4344358444213867, 2.440849781036377, 2.4472579956054688, 2.4636518955230713, 2.4660520553588867, 2.4774389266967773, 2.48482346534729, 2.495199680328369, 2.5035722255706787, 2.5079424381256104, 2.5282928943634033, 2.5326521396636963, 2.5400032997131348, 2.5603363513946533, 2.5646791458129883, 2.5909953117370605, 2.592329978942871, 2.605647563934326, 2.620957851409912, 2.626272678375244, 2.6325809955596924, 2.6568660736083984, 2.6691575050354004, 2.6714539527893066, 2.677741289138794, 2.7359700202941895, 2.753235101699829, 2.753512382507324, 2.7527856826782227, 2.752053737640381, 2.770296812057495, 6.599999904632568, 6.599999904632568, 6.599999904632568, 6.599999904632568, 6.599999904632568, 2.884644031524658, 2.8838717937469482, 2.883094549179077, 2.9082846641540527, 2.930473566055298, 2.9516584873199463, 2.9708409309387207, 2.970039129257202, 2.977224588394165, 3.001386880874634, 3.0145561695098877, 3.0287201404571533, 3.0568642616271973, 3.069020986557007, 3.086167335510254, 3.101311445236206, 1.1882671117782593, 1.1784926652908325, 1.177639126777649, 1.177773118019104, 1.178894281387329, 1.1780287027359009, 1.1801328659057617, 1.1792593002319336, 1.1813548803329468, 1.179587960243225, 1.1786987781524658, 1.178796648979187, 1.17690908908844, 1.1760085821151733, 1.1701518297195435, 1.169244408607483, 1.1683332920074463, 1.1674187183380127, 1.1704612970352173, 1.169539213180542, 1.1686135530471802, 1.163781762123108, 1.1628458499908447, 1.1619064807891846, 1.1669021844863892, 1.161007285118103, 1.1640160083770752, 1.159104824066162, 1.1621062755584717, 1.159167766571045, 1.1582050323486328, 1.1572388410568237, 1.1552972793579102, 1.1592670679092407, 1.1612552404403687, 1.1602730751037598, 1.1592878103256226, 1.158299446105957, 1.1573082208633423, 1.1563140153884888, 1.1543281078338623, 1.1543169021606445, 1.1602343320846558, 1.1592282056808472, 1.1621737480163574, 1.162150263786316, 1.1621241569519043, 1.1611067056655884, 1.1610748767852783, 1.1620287895202637, 1.1629801988601685, 1.162940263748169, 1.1638860702514648, 1.1668061017990112, 1.1618167161941528, 1.160778284072876, 1.1636903285980225, 1.1626468896865845, 1.1616013050079346, 1.1684584617614746, 1.1644432544708252, 1.1683310270309448, 1.1702402830123901, 1.1691827774047852, 1.1681232452392578, 1.1700255870819092, 1.1748902797698975, 1.1738239526748657, 1.1727558374404907, 1.17563796043396, 1.1755539178848267, 1.186337947845459, 1.2314846515655518, 1.2365264892578125, 6.599999904632568, 6.599999904632568, 6.599999904632568, 6.599999904632568, 6.599999904632568, 6.599999904632568, 6.599999904632568, 6.599999904632568, 6.599999904632568, 6.599999904632568, 6.599999904632568, 6.599999904632568, 6.599999904632568, 6.599999904632568, 6.599999904632568, 6.599999904632568, 6.599999904632568, 6.599999904632568, 6.599999904632568, 6.599999904632568, 6.599999904632568, 6.599999904632568, 6.599999904632568, 6.599999904632568, 6.599999904632568, 6.599999904632568, 6.599999904632568, 6.599999904632568, 6.599999904632568, 6.599999904632568, 6.599999904632568, 6.599999904632568, 6.599999904632568, 6.599999904632568, 6.599999904632568, 6.599999904632568, 6.599999904632568, 6.599999904632568, 6.599999904632568, 6.599999904632568, 6.599999904632568, 6.599999904632568, 6.599999904632568, 6.599999904632568, 6.599999904632568, 6.599999904632568, 1.6973519325256348, 1.672245979309082, 1.6711266040802002, 1.670007586479187, 1.668888807296753, 1.667770266532898, 1.6666520833969116, 1.6655343770980835, 1.664417028427124, 1.6633002758026123, 1.6601953506469727, 1.6590797901153564, 1.6964823007583618, 1.6579645872116089, 1.6568502187728882, 1.6587190628051758, 1.657605767250061, 1.6564936637878418, 1.6553822755813599, 1.6483066082000732, 1.6471967697143555, 1.6460882425308228, 1.6509459018707275, 1.6518279314041138, 1.651716709136963, 1.6555840969085693, 1.6664139032363892, 1.6682956218719482, 1.6811189651489258, 1.6879770755767822, 1.6878741979599, 1.757400631904602, 1.7076680660247803, 1.7115482091903687, 1.722394347190857, 1.7242884635925293, 1.7739511728286743, 1.7868291139602661, 6.599999904632568, 6.599999904632568, 6.599999904632568, 6.599999904632568, 6.599999904632568, 6.599999904632568, 6.599999904632568, 6.599999904632568, 6.599999904632568, 6.599999904632568, 6.599999904632568, 6.599999904632568, 6.599999904632568, 6.599999904632568, 6.599999904632568, 6.599999904632568, 6.599999904632568, 6.599999904632568, 6.599999904632568, 6.599999904632568, 6.599999904632568, 6.599999904632568, 6.599999904632568, 6.599999904632568, 6.599999904632568, 6.599999904632568, 6.599999904632568, 6.599999904632568, 6.599999904632568, 6.599999904632568, 6.599999904632568, 6.599999904632568, 6.599999904632568, 6.599999904632568, 6.599999904632568, 6.599999904632568, 6.599999904632568, 6.599999904632568, 6.599999904632568, 6.599999904632568, 6.599999904632568, 6.599999904632568, 6.599999904632568, 6.599999904632568, 6.599999904632568, 6.599999904632568, 6.599999904632568, 6.599999904632568, 6.599999904632568, 6.599999904632568, 6.599999904632568, 6.599999904632568, 6.599999904632568, 6.599999904632568, 6.599999904632568, 6.599999904632568, 6.599999904632568, 6.599999904632568, 6.599999904632568, 5.050838470458984, 4.962798118591309, 4.929727554321289, 4.894653797149658, 4.840585708618164, 4.797508239746094, 4.739434242248535, 4.706344127655029, 4.658256530761719, 4.6161627769470215, 4.589056968688965, 4.589932441711426, 4.537830829620361, 4.490722179412842, 4.380642414093018, 4.349517822265625, 4.301397323608398, 4.288253307342529, 4.239124298095703, 4.200985431671143, 4.18682861328125, 4.145681858062744, 4.117523670196533, 4.101353645324707, 4.043202877044678, 4.032020568847656, 3.9838550090789795, 3.964667797088623, 3.9494736194610596, 3.9282782077789307, 3.9070775508880615, 3.878875970840454, 3.853667736053467, 3.80346941947937, 3.8022375106811523, 3.776015043258667, 3.750786781311035, 3.7355480194091797, 3.682326078414917, 3.678070068359375, 3.6618165969848633, 3.654552459716797, 3.605307102203369, 3.5780441761016846, 3.5637683868408203, 3.5624799728393555, 3.509215831756592, 3.4999213218688965, 3.4996159076690674, 3.4713213443756104, 3.470006227493286, 3.442700147628784, 3.423384428024292, 3.405062437057495, 3.3877344131469727, 3.373399019241333, 3.347064971923828, 3.347710371017456, 3.3403546810150146, 3.3359923362731934, 6.599999904632568, 6.599999904632568, 6.599999904632568, 6.599999904632568, 6.599999904632568, 6.599999904632568, 1.5356342792510986, 1.5322325229644775, 1.5318180322647095, 1.5094497203826904, 1.5100213289260864, 1.5105875730514526, 1.5281106233596802, 1.5286669731140137, 1.5292179584503174, 1.5058141946792603, 1.5053555965423584, 1.5058892965316772, 1.5109326839447021, 1.5144447088241577, 1.5199476480484009, 1.5224510431289673, 1.5249491930007935, 1.5294386148452759, 1.529929518699646, 1.541877031326294, 1.5443487167358398, 1.5468149185180664, 1.5502742528915405, 1.552729606628418, 1.5531824827194214, 1.5656133890151978, 1.5884639024734497, 1.5968855619430542, 2.9212043285369873, 2.920623540878296, 2.91703724861145, 2.898449420928955, 2.889852285385132, 2.889247179031372, 2.877638578414917, 2.867023468017578, 2.8673994541168213, 2.86476993560791, 2.857135772705078, 2.8554937839508057, 2.8438477516174316, 2.8391940593719482, 2.834534168243408, 2.8291947841644287, 2.8265156745910645, 2.821830987930298, 2.8081412315368652, 2.80544376373291, 2.804738998413086, 2.796029806137085, 2.7923130989074707, 2.7925899028778076, 2.791860580444336, 2.7781267166137695, 2.7773845195770264, 2.77363657951355, 2.7728822231292725, 2.7671217918395996, 2.7583553791046143, 2.7585816383361816, 2.7568020820617676, 2.7452239990234375, 2.745425224304199, 2.7386205196380615, 2.735808849334717, 2.7279915809631348, 2.7261672019958496, 2.7263364791870117, 2.7234997749328613, 2.72265625, 2.721806526184082, 2.7169506549835205, 2.71608829498291, 2.714219093322754, 2.7113442420959473, 2.7114624977111816, 2.7055745124816895, 2.7046804428100586, 2.7028720378875732, 2.6959588527679443, 2.6920387744903564, 2.692112445831299, 2.6891796588897705, 2.6912405490875244, 2.6892948150634766, 2.689342975616455, 2.688384771347046, 2.68641996383667, 2.683448553085327, 2.6834709644317627, 2.6824870109558105, 2.6824967861175537, 6.599999904632568]
intensities: []
---
