header: 
  seq: 1520
  stamp: 
    secs: 1390580944
    nsecs: 722286000
  frame_id: laser
angle_min: -1.57079637051
angle_max: 1.56466042995
angle_increment: 0.00613592332229
time_increment: 9.76562514552e-05
scan_time: 0.10000000149
range_min: 0.019999999553
range_max: 5.59999990463

ranges: [0.7210000157356262, 0.7200000286102295, 0.7200000286102295, 0.7149999737739563, 0.7149999737739563, 0.7149999737739563, 0.7149999737739563, 0.7149999737739563, 0.7229999899864197, 0.7229999899864197, 0.7260000109672546, 0.7179999947547913, 0.7179999947547913, 0.7179999947547913, 0.7179999947547913, 0.7179999947547913, 0.7179999947547913, 0.7200000286102295, 0.7179999947547913, 0.722000002861023, 0.7239999771118164, 0.7239999771118164, 0.7239999771118164, 0.7239999771118164, 0.7239999771118164, 0.7239999771118164, 0.7229999899864197, 0.7229999899864197, 0.7239999771118164, 0.7250000238418579, 0.7300000190734863, 0.7300000190734863, 0.7300000190734863, 0.7300000190734863, 0.7269999980926514, 0.7269999980926514, 0.7329999804496765, 0.7329999804496765, 0.7360000014305115, 0.7360000014305115, 0.7360000014305115, 0.7369999885559082, 0.7360000014305115, 0.7360000014305115, 0.7379999756813049, 0.7360000014305115, 0.7360000014305115, 0.7409999966621399, 0.7409999966621399, 0.746999979019165, 0.746999979019165, 0.7519999742507935, 0.7490000128746033, 0.7519999742507935, 0.7519999742507935, 0.753000020980835, 0.7540000081062317, 0.7549999952316284, 0.7559999823570251, 0.7570000290870667, 0.7570000290870667, 0.7620000243186951, 0.7649999856948853, 0.7689999938011169, 0.7710000276565552, 0.7720000147819519, 0.7720000147819519, 0.7739999890327454, 0.7770000100135803, 0.7770000100135803, 0.7789999842643738, 0.781000018119812, 0.7879999876022339, 0.7889999747276306, 0.7900000214576721, 0.7910000085830688, 0.7910000085830688, 0.7950000166893005, 0.796999990940094, 0.7979999780654907, 0.8009999990463257, 0.8050000071525574, 0.8080000281333923, 0.8080000281333923, 0.8080000281333923, 0.8090000152587891, 0.8080000281333923, 0.8059999942779541, 0.6299999952316284, 0.5730000138282776, 0.5529999732971191, 0.5529999732971191, 0.5529999732971191, 0.5529999732971191, 0.5529999732971191, 0.5529999732971191, 0.5389999747276306, 0.5389999747276306, 0.5400000214576721, 0.5400000214576721, 0.5400000214576721, 0.5410000085830688, 0.5410000085830688, 0.5460000038146973, 0.5460000038146973, 0.546999990940094, 0.550000011920929, 0.5529999732971191, 0.8889999985694885, 0.8889999985694885, 0.8889999985694885, 0.8939999938011169, 0.8920000195503235, 0.8899999856948853, 0.890999972820282, 0.8920000195503235, 0.8920000195503235, 0.8970000147819519, 0.9049999713897705, 0.9049999713897705, 0.8999999761581421, 0.8999999761581421, 0.8769999742507935, 0.871999979019165, 0.871999979019165, 0.871999979019165, 0.8820000290870667, 0.8830000162124634, 0.8830000162124634, 0.8830000162124634, 0.8700000047683716, 0.8669999837875366, 0.8600000143051147, 0.8539999723434448, 0.8519999980926514, 0.8500000238418579, 0.847000002861023, 0.8410000205039978, 0.8399999737739563, 0.8320000171661377, 0.8240000009536743, 0.8209999799728394, 0.8149999976158142, 0.8119999766349792, 0.8090000152587891, 0.8090000152587891, 0.8069999814033508, 0.8069999814033508, 0.7979999780654907, 0.7929999828338623, 0.7900000214576721, 0.7829999923706055, 0.7820000052452087, 0.7799999713897705, 0.7789999842643738, 0.7760000228881836, 0.7730000019073486, 0.7620000243186951, 0.7599999904632568, 0.7549999952316284, 0.7459999918937683, 0.7459999918937683, 0.7440000176429749, 0.7440000176429749, 0.7419999837875366, 0.7329999804496765, 0.7269999980926514, 0.7229999899864197, 0.722000002861023, 0.7210000157356262, 0.7210000157356262, 0.7229999899864197, 0.722000002861023, 0.7239999771118164, 0.7239999771118164, 0.722000002861023, 0.7179999947547913, 0.7059999704360962, 0.7049999833106995, 0.7049999833106995, 0.7049999833106995, 0.6990000009536743, 0.6970000267028809, 0.6919999718666077, 0.6919999718666077, 0.6919999718666077, 0.6990000009536743, 0.6990000009536743, 0.6990000009536743, 0.6859999895095825, 0.6859999895095825, 0.6830000281333923, 0.6779999732971191, 0.6819999814033508, 0.6819999814033508, 0.6779999732971191, 0.6779999732971191, 0.6769999861717224, 0.6650000214576721, 0.6690000295639038, 0.6650000214576721, 0.6650000214576721, 0.6660000085830688, 0.6660000085830688, 0.6650000214576721, 0.6650000214576721, 0.6650000214576721, 0.6650000214576721, 0.6650000214576721, 0.6589999794960022, 0.6589999794960022, 0.6510000228881836, 0.6510000228881836, 0.656000018119812, 0.6510000228881836, 0.6510000228881836, 0.6489999890327454, 0.6489999890327454, 0.6480000019073486, 0.6460000276565552, 0.6449999809265137, 0.6449999809265137, 0.6449999809265137, 0.6439999938011169, 0.6439999938011169, 0.6389999985694885, 0.6389999985694885, 0.6380000114440918, 0.6359999775886536, 0.6380000114440918, 0.6389999985694885, 0.6380000114440918, 0.6359999775886536, 0.6359999775886536, 0.6359999775886536, 0.6359999775886536, 0.6389999985694885, 0.640999972820282, 0.640999972820282, 0.6399999856948853, 0.6399999856948853, 0.6399999856948853, 0.6399999856948853, 0.640999972820282, 0.6439999938011169, 0.640999972820282, 0.640999972820282, 0.6399999856948853, 0.6399999856948853, 0.6389999985694885, 0.6399999856948853, 0.6430000066757202, 0.6439999938011169, 0.6430000066757202, 0.6439999938011169, 0.6449999809265137, 0.6480000019073486, 0.6489999890327454, 0.6539999842643738, 0.656000018119812, 0.656000018119812, 0.6620000004768372, 0.6620000004768372, 0.656000018119812, 0.6499999761581421, 0.6499999761581421, 0.6489999890327454, 0.6489999890327454, 0.640999972820282, 0.640999972820282, 0.640999972820282, 0.640999972820282, 0.6430000066757202, 0.6430000066757202, 0.6380000114440918, 0.6370000243186951, 0.6370000243186951, 0.6370000243186951, 0.6380000114440918, 0.7260000109672546, 0.7289999723434448, 0.7310000061988831, 0.7319999933242798, 0.734000027179718, 0.7350000143051147, 0.7350000143051147, 0.7360000014305115, 0.7379999756813049, 0.7409999966621399, 0.7419999837875366, 0.7459999918937683, 0.75, 0.75, 0.75, 0.746999979019165, 0.7459999918937683, 0.7459999918937683, 0.746999979019165, 0.7519999742507935, 0.7519999742507935, 0.753000020980835, 0.7549999952316284, 0.7609999775886536, 0.7620000243186951, 0.7620000243186951, 0.7620000243186951, 0.7620000243186951, 0.7620000243186951, 0.7620000243186951, 0.7620000243186951, 0.7670000195503235, 0.7699999809265137, 0.7720000147819519, 0.7739999890327454, 0.7739999890327454, 0.7739999890327454, 0.7749999761581421, 0.7770000100135803, 0.7799999713897705, 0.7889999747276306, 0.7929999828338623, 0.7940000295639038, 0.7950000166893005, 0.7960000038146973, 0.8050000071525574, 0.8050000071525574, 0.8069999814033508, 0.8090000152587891, 0.8090000152587891, 0.8090000152587891, 0.8100000023841858, 0.8109999895095825, 0.8109999895095825, 0.8159999847412109, 0.8159999847412109, 0.8180000185966492, 0.8180000185966492, 0.8220000267028809, 0.8270000219345093, 0.8370000123977661, 0.8429999947547913, 0.843999981880188, 0.8450000286102295, 0.8610000014305115, 0.8650000095367432, 0.8650000095367432, 0.8650000095367432, 0.8650000095367432, 0.8669999837875366, 0.8669999837875366, 0.8690000176429749, 0.8820000290870667, 0.8859999775886536, 0.8859999775886536, 0.890999972820282, 0.890999972820282, 0.890999972820282, 0.8980000019073486, 0.8999999761581421, 0.9020000100135803, 0.902999997138977, 0.902999997138977, 0.9039999842643738, 0.9169999957084656, 0.9169999957084656, 0.9169999957084656, 0.9169999957084656, 0.9169999957084656, 0.9319999814033508, 0.9359999895095825, 0.9470000267028809, 0.953000009059906, 0.9559999704360962, 0.9610000252723694, 0.9629999995231628, 0.9649999737739563, 0.9670000076293945, 0.9710000157356262, 0.9739999771118164, 0.9789999723434448, 0.9860000014305115, 0.9860000014305115, 0.9789999723434448, 0.9779999852180481, 0.9750000238418579, 0.9639999866485596, 0.9589999914169312, 0.9359999895095825, 0.9359999895095825, 0.9300000071525574, 0.9290000200271606, 0.9200000166893005, 0.9179999828338623, 0.9169999957084656, 0.9139999747276306, 0.9120000004768372, 0.902999997138977, 0.8980000019073486, 0.8920000195503235, 0.8920000195503235, 0.8920000195503235, 0.8920000195503235, 0.8920000195503235, 0.8920000195503235, 0.8930000066757202, 0.8980000019073486, 0.9100000262260437, 0.9120000004768372, 0.9240000247955322, 0.9279999732971191, 0.9359999895095825, 1.0240000486373901, 1.027999997138977, 1.0369999408721924, 1.0369999408721924, 1.0490000247955322, 2.3450000286102295, 2.3450000286102295, 2.3550000190734863, 2.3550000190734863, 2.3550000190734863, 2.3429999351501465, 2.3429999351501465, 2.3399999141693115, 2.3269999027252197, 2.311000108718872, 2.302000045776367, 2.2939999103546143, 2.2929999828338623, 2.2869999408721924, 2.2730000019073486, 2.2669999599456787, 2.265000104904175, 2.253999948501587, 2.246999979019165, 2.236999988555908, 2.2269999980926514, 2.2109999656677246, 2.2090001106262207, 2.2049999237060547, 2.197999954223633, 2.186000108718872, 2.181999921798706, 2.174999952316284, 2.171999931335449, 2.1600000858306885, 2.1549999713897705, 2.1540000438690186, 2.13700008392334, 2.134000062942505, 2.128000020980835, 2.118000030517578, 2.118000030517578, 2.117000102996826, 2.114000082015991, 2.1110000610351562, 2.0980000495910645, 2.0929999351501465, 2.0820000171661377, 2.0820000171661377, 2.0810000896453857, 2.0810000896453857, 2.072000026702881, 2.072000026702881, 2.0810000896453857, 2.0980000495910645, 2.1619999408721924, 2.1760001182556152, 2.1760001182556152, 2.1760001182556152, 2.1689999103546143, 2.1640000343322754, 2.1630001068115234, 2.1510000228881836, 2.1489999294281006, 2.1489999294281006, 2.1449999809265137, 2.1440000534057617, 2.138000011444092, 2.134999990463257, 2.132999897003174, 2.127000093460083, 2.119999885559082, 2.11899995803833, 2.115000009536743, 2.11299991607666, 2.1110000610351562, 2.1080000400543213, 2.1070001125335693, 2.1059999465942383, 2.1050000190734863, 2.1050000190734863, 2.1050000190734863, 2.1050000190734863, 2.1040000915527344, 2.1029999256134033, 2.1029999256134033, 2.1029999256134033, 2.1040000915527344, 2.1059999465942383, 2.1070001125335693, 2.1070001125335693, 2.1070001125335693, 2.1070001125335693, 2.111999988555908, 2.111999988555908, 2.114000082015991, 2.114000082015991, 2.114000082015991, 2.11899995803833, 2.11899995803833, 2.11899995803833]

