header: 
  seq: 168
  stamp: 
    secs: 1434044875
    nsecs: 951363375
  frame_id: /laser
angle_min: -2.08621382713
angle_max: 2.08621382713
angle_increment: 0.00613592332229
time_increment: 9.76562514552e-05
scan_time: 0.10000000149
range_min: 0.019999999553
range_max: 5.59999990463

ranges: [1.1579999923706055, 1.1579999923706055, 1.149999976158142, 1.149999976158142, 1.1480000019073486, 1.1419999599456787, 1.1369999647140503, 1.1360000371932983, 1.128999948501587, 1.1230000257492065, 1.1230000257492065, 1.1160000562667847, 1.1119999885559082, 1.1109999418258667, 1.1080000400543213, 1.0980000495910645, 1.0980000495910645, 1.0959999561309814, 1.0959999561309814, 1.090999960899353, 1.0859999656677246, 1.0750000476837158, 1.0750000476837158, 1.0750000476837158, 1.0700000524520874, 1.0670000314712524, 1.059999942779541, 1.059000015258789, 1.059000015258789, 1.059000015258789, 1.059000015258789, 1.059000015258789, 1.0509999990463257, 1.0499999523162842, 1.0369999408721924, 1.0360000133514404, 1.0360000133514404, 1.0360000133514404, 1.034000039100647, 1.034000039100647, 1.0290000438690186, 1.0180000066757202, 1.0230000019073486, 1.0230000019073486, 1.0210000276565552, 1.0169999599456787, 1.0130000114440918, 1.0130000114440918, 1.0119999647140503, 1.0119999647140503, 1.0069999694824219, 1.003999948501587, 1.0019999742507935, 1.0010000467300415, 0.9980000257492065, 0.9940000176429749, 0.9929999709129333, 0.9929999709129333, 0.9900000095367432, 0.9900000095367432, 0.9900000095367432, 0.9909999966621399, 0.9900000095367432, 0.9909999966621399, 0.9909999966621399, 0.9909999966621399, 0.9900000095367432, 0.984000027179718, 0.9829999804496765, 0.9829999804496765, 0.9810000061988831, 0.9810000061988831, 0.9810000061988831, 0.9819999933242798, 0.9819999933242798, 0.9819999933242798, 0.9729999899864197, 0.9829999804496765, 0.9729999899864197, 0.9729999899864197, 0.9810000061988831, 0.9869999885559082, 0.984000027179718, 0.984000027179718, 0.9850000143051147, 0.9850000143051147, 0.9850000143051147, 1.0049999952316284, 1.0160000324249268, 1.7899999618530273, 1.7899999618530273, 1.7899999618530273, 0.9980000257492065, 0.9940000176429749, 0.9940000176429749, 0.9919999837875366, 0.9900000095367432, 0.9819999933242798, 0.9810000061988831, 0.9810000061988831, 0.9819999933242798, 1.0429999828338623, 1.0880000591278076, 1.1069999933242798, 1.1299999952316284, 1.1490000486373901, 1.1729999780654907, 1.184000015258789, 1.225000023841858, 1.2400000095367432, 1.2549999952316284, 1.2890000343322754, 1.3270000219345093, 1.343999981880188, 1.3769999742507935, 1.4079999923706055, 1.4329999685287476, 1.4769999980926514, 1.5119999647140503, 1.5579999685287476, 1.6050000190734863, 1.6690000295639038, 1.6779999732971191, 1.7020000219345093, 1.7339999675750732, 1.7519999742507935, 1.7610000371932983, 1.7610000371932983, 1.7610000371932983, 1.7619999647140503, 1.7610000371932983, 1.7549999952316284, 1.7339999675750732, 1.6369999647140503, 1.4950000047683716, 1.4889999628067017, 1.4880000352859497, 1.4880000352859497, 1.4789999723434448, 1.4789999723434448, 1.4869999885559082, 1.4850000143051147, 1.4850000143051147, 1.4850000143051147, 1.4830000400543213, 1.4769999980926514, 1.4769999980926514, 1.4819999933242798, 1.4819999933242798, 1.4769999980926514, 1.4769999980926514, 1.4730000495910645, 1.4709999561309814, 1.468000054359436, 1.468000054359436, 1.4730000495910645, 1.475000023841858, 1.4780000448226929, 1.4789999723434448, 1.4780000448226929, 1.4780000448226929, 1.4789999723434448, 1.4789999723434448, 1.4769999980926514, 1.4769999980926514, 1.4769999980926514, 1.4769999980926514, 1.4769999980926514, 1.4769999980926514, 1.4789999723434448, 1.475000023841858, 1.4809999465942383, 1.4809999465942383, 1.475000023841858, 1.475000023841858, 1.4809999465942383, 1.4780000448226929, 1.4809999465942383, 1.4809999465942383, 1.4809999465942383, 1.4809999465942383, 1.4850000143051147, 1.4869999885559082, 1.4880000352859497, 1.4889999628067017, 1.4889999628067017, 1.4869999885559082, 1.4869999885559082, 1.4869999885559082, 1.4869999885559082, 1.4910000562667847, 1.4919999837875366, 1.496000051498413, 1.496000051498413, 1.5019999742507935, 1.503000020980835, 1.50600004196167, 1.5069999694824219, 1.5110000371932983, 1.5110000371932983, 1.5119999647140503, 1.5219999551773071, 1.5210000276565552, 1.5210000276565552, 1.5210000276565552, 0.8930000066757202, 0.8880000114440918, 0.8679999709129333, 0.8610000014305115, 0.8550000190734863, 0.8500000238418579, 0.8399999737739563, 0.8399999737739563, 0.8429999947547913, 0.8429999947547913, 0.8389999866485596, 0.8389999866485596, 0.8349999785423279, 0.8289999961853027, 0.8289999961853027, 0.8289999961853027, 0.8289999961853027, 0.8289999961853027, 0.8299999833106995, 0.8309999704360962, 0.8299999833106995, 0.8270000219345093, 0.8299999833106995, 0.8299999833106995, 0.8299999833106995, 0.8320000171661377, 0.8320000171661377, 0.8379999995231628, 0.8379999995231628, 0.8339999914169312, 0.8320000171661377, 0.8309999704360962, 0.8309999704360962, 0.8309999704360962, 0.8309999704360962, 0.8579999804496765, 0.8659999966621399, 0.8679999709129333, 0.875, inf, inf, inf, inf, inf, inf, inf, inf, inf, inf, inf, inf, inf, inf, inf, inf, inf, inf, inf, inf, nan, 3.059999942779541, 3.059999942779541, inf, 3.0329999923706055, 2.996000051498413, 2.9549999237060547, 2.9189999103546143, 2.9189999103546143, 2.9189999103546143, 2.9140000343322754, 2.9140000343322754, nan, 2.8450000286102295, 2.813999891281128, 2.7980000972747803, 2.7799999713897705, 2.7669999599456787, 2.760999917984009, 2.7300000190734863, 2.7290000915527344, 2.7239999771118164, 2.7090001106262207, 2.684999942779541, 2.681999921798706, 2.6760001182556152, 2.6640000343322754, 2.6500000953674316, 2.6500000953674316, 2.632999897003174, 2.632999897003174, 2.617000102996826, 2.5920000076293945, 2.5920000076293945, 2.5920000076293945, 2.615000009536743, 2.63100004196167, 2.6559998989105225, 2.677999973297119, 2.684999942779541, 2.7100000381469727, 2.7320001125335693, 2.757999897003174, 2.7720000743865967, 2.8010001182556152, 2.813999891281128, 2.8570001125335693, 2.871000051498413, 2.878000020980835, 2.9200000762939453, 2.950000047683716, 2.9660000801086426, 2.999000072479248, 3.0209999084472656, 3.0390000343322754, 3.0739998817443848, 3.1050000190734863, 3.1389999389648438, 3.1659998893737793, 3.1659998893737793, 3.1659998893737793, 2.744999885559082, 2.744999885559082, 2.744999885559082, 3.3340001106262207, 3.3389999866485596, 3.4000000953674316, 3.437000036239624, 3.4649999141693115, 3.5190000534057617, 3.553999900817871, 3.6510000228881836, 3.681999921798706, 3.7269999980926514, 3.7269999980926514, 3.759000062942505, inf, inf, inf, inf, inf, inf, inf, inf, inf, inf, inf, inf, inf, inf, inf, inf, inf, inf, inf, inf, inf, inf, inf, inf, inf, inf, inf, inf, inf, inf, inf, inf, inf, inf, inf, inf, inf, inf, inf, inf, inf, inf, inf, inf, inf, inf, inf, inf, inf, inf, inf, inf, inf, inf, inf, inf, inf, inf, inf, inf, inf, inf, inf, inf, inf, inf, inf, inf, inf, inf, inf, inf, inf, inf, inf, inf, inf, inf, inf, inf, inf, inf, inf, inf, inf, inf, inf, inf, inf, inf, inf, 0.9539999961853027, 0.9539999961853027, 0.9539999961853027, 0.9580000042915344, 0.9599999785423279, 0.9660000205039978, 0.9660000205039978, 0.9729999899864197, 0.9779999852180481, 0.9779999852180481, 0.9779999852180481, 0.9800000190734863, 0.9860000014305115, 0.9810000061988831, 0.9819999933242798, 0.9860000014305115, 0.9860000014305115, 0.9929999709129333, 0.9940000176429749, 0.996999979019165, 1.003000020980835, 1.003000020980835, 1.0049999952316284, 1.0080000162124634, 1.0119999647140503, 1.0130000114440918, 1.0140000581741333, 1.0160000324249268, 1.0160000324249268, 1.0219999551773071, 1.0240000486373901, 1.0240000486373901, 1.0240000486373901, 1.0269999504089355, 1.031999945640564, 1.031999945640564, 1.034000039100647, 1.034999966621399, 1.0399999618530273, 1.0410000085830688, 1.0429999828338623, 1.0420000553131104, 1.0410000085830688, 1.0420000553131104, 1.0449999570846558, 1.0449999570846558, 1.0449999570846558, 1.0479999780654907, 1.0479999780654907, 1.0499999523162842, 1.0499999523162842, 1.0570000410079956, 1.0549999475479126, 1.0549999475479126, 1.0549999475479126, 1.0520000457763672, 1.0520000457763672, 1.0520000457763672, 1.0529999732971191, 1.0549999475479126, 1.0570000410079956, 1.0549999475479126, 1.0549999475479126, 1.0570000410079956, inf, inf, inf, inf, inf, inf, inf, inf, inf, inf, inf, inf, inf, inf, inf, inf, inf, inf, inf, inf, inf, inf, inf, inf, inf, inf, nan, 3.6600000858306885, 3.6059999465942383, 3.5840001106262207, 3.565999984741211, 3.565999984741211, 3.565999984741211, inf, inf, inf, inf, inf, inf, inf, inf, inf, inf, 4.51800012588501, 4.51800012588501, 4.497000217437744, 4.4629998207092285, 4.4120001792907715, 4.361999988555908, 4.333000183105469, 4.333000183105469, 4.331999778747559, 4.331999778747559, nan, inf, inf, inf, 2.822000026702881, 2.809999942779541, 2.759000062942505, 2.740000009536743, 2.7170000076293945, 2.694999933242798, 2.687000036239624, 2.6760001182556152, 2.6579999923706055, 2.6559998989105225, 2.6419999599456787, 2.6419999599456787, 2.625999927520752, 2.625, 2.622999906539917, 0.8569999933242798, 0.8569999933242798, 0.8550000190734863, 0.8550000190734863, 0.8420000076293945, 0.8339999914169312, 0.8339999914169312, 0.8330000042915344, 0.824999988079071, 0.8180000185966492, 0.8169999718666077, 0.8169999718666077, 0.8220000267028809, 0.8180000185966492, 0.8209999799728394, 0.8209999799728394, 0.8180000185966492, 0.8180000185966492, 0.8140000104904175, 0.8119999766349792, 0.8090000152587891, 0.8069999814033508, 0.8059999942779541, 0.8059999942779541, 0.7979999780654907, 0.8069999814033508, 0.800000011920929, 0.800000011920929, 0.800000011920929, 0.8090000152587891, 0.8029999732971191, 0.8029999732971191, 0.8029999732971191, 0.7070000171661377, 0.6880000233650208, 0.6880000233650208, 0.6880000233650208, 0.6800000071525574, 0.6710000038146973, 0.6710000038146973, 0.6710000038146973, 0.6710000038146973, 0.671999990940094, 0.671999990940094, 0.6620000004768372, 0.6549999713897705, 0.6620000004768372, 0.6610000133514404, 0.6549999713897705, 0.6610000133514404, 0.6620000004768372, 0.6620000004768372, 0.6620000004768372, 0.6629999876022339, 0.6620000004768372, 0.6610000133514404, 0.6610000133514404, 0.6610000133514404, 0.6470000147819519, 0.6579999923706055, 0.6579999923706055, 0.6579999923706055, 0.6579999923706055, 0.6600000262260437, 0.6610000133514404, 0.6600000262260437, 0.6570000052452087, 0.6570000052452087, 0.6570000052452087, 0.6570000052452087, 0.6549999713897705, 0.6539999842643738, 0.6570000052452087, 0.6570000052452087, 0.6600000262260437, 0.6610000133514404, 0.6610000133514404, 0.6610000133514404, 0.6610000133514404, 0.6639999747276306, 0.6639999747276306, 0.6639999747276306, 0.6660000085830688, 0.6660000085830688, 0.6669999957084656, 0.6679999828338623, 0.6729999780654907, 0.6759999990463257, 0.6759999990463257, 0.6800000071525574, 0.6830000281333923, 0.6840000152587891, 0.6840000152587891, 0.6899999976158142, 0.6909999847412109, 0.6909999847412109, 0.6940000057220459, 0.6959999799728394, 0.7070000171661377, 0.7080000042915344, 0.7080000042915344, 0.7089999914169312, 0.7089999914169312, 0.7089999914169312, 0.7170000076293945, 0.7200000286102295, 0.7170000076293945, 0.7170000076293945, 0.718999981880188, 0.718999981880188, 0.718999981880188, 0.7200000286102295, 0.718999981880188, 0.7200000286102295]
intensities: []

