header: 
  seq: 71
  stamp: 
    secs: 1433343315
    nsecs: 928653056
  frame_id: /laser
angle_min: -3.14159011841
angle_max: 3.14159011841
angle_increment: 0.00609999988228
time_increment: 0.0
scan_time: 0.0333333313465
range_min: 0.019999999553
range_max: 5.59999990463

ranges: [2.774496555328369, 2.773487091064453, 2.7734711170196533, 2.7724485397338867, 2.7704198360443115, 2.7703845500946045, 2.7703428268432617, 2.770294666290283, 2.770240068435669, 2.771178960800171, 2.774111747741699, 2.771038055419922, 2.7739577293395996, 2.770871162414551, 2.773778200149536, 2.768573045730591, 2.768460750579834, 2.7693426609039307, 2.7692174911499023, 2.78108549118042, 2.786947727203369, 2.786803722381592, 2.7866530418395996, 2.787496566772461, 2.7873334884643555, 2.787163734436035, 2.786987781524658, 2.7868053913116455, 2.7956161499023438, 2.7964212894439697, 2.7992196083068848, 2.803011894226074, 2.8115766048431396, 2.812349796295166, 2.8151166439056396, 2.8158771991729736, 2.8196310997009277, 2.8193793296813965, 2.8221209049224854, 2.8228561878204346, 2.8325841426849365, 2.8373067378997803, 2.8370232582092285, 2.8467323780059814, 2.8464365005493164, 2.846134662628174, 2.8458263874053955, 2.8485114574432373, 2.854189872741699, 2.8675270080566406, 2.870187520980835, 2.8718411922454834, 2.8714897632598877, 2.882129669189453, 2.88376522064209, 2.884395122528076, 2.8890178203582764, 2.917628049850464, 2.927236795425415, 2.932840347290039, 2.935438871383667, 2.975020408630371, 2.97560715675354, 2.984185218811035, 2.9877586364746094, 2.9943249225616455, 3.0068836212158203, 3.0064401626586914, 3.019986152648926, 3.0225298404693604, 3.031064987182617, 3.044593095779419, 3.0441195964813232, 3.060633897781372, 3.0626566410064697, 3.0751543045043945, 3.091644763946533, 3.093134880065918, 3.0946195125579834, 3.1040945053100586, 3.1295571327209473, 3.1300244331359863, 3.130485773086548, 3.1489334106445312, 3.1503829956054688, 3.164820671081543, 3.1792526245117188, 3.184682846069336, 3.1971042156219482, 3.2025229930877686, 3.2219293117523193, 3.2273361682891846, 3.240734100341797, 3.2491283416748047, 3.26251482963562, 3.280892848968506, 3.2942676544189453, 3.2996411323547363, 3.3060083389282227, 3.3303604125976562, 3.339714765548706, 3.351062774658203, 3.3684020042419434, 3.3837366104125977, 3.3960673809051514, 3.4223852157592773, 3.4227116107940674, 3.4410228729248047, 3.4603278636932373, 3.4736311435699463, 3.4959235191345215, 3.4992218017578125, 3.630441904067993, 3.646721839904785, 3.661996841430664, 3.6612753868103027, 3.6605491638183594, 3.6848034858703613, 3.6890640258789062, 3.713308334350586, 3.749540090560913, 3.7577831745147705, 3.7750155925750732, 3.784248113632202, 3.8164620399475098, 3.8356785774230957, 3.856888771057129, 3.8770949840545654, 3.9102885723114014, 3.9124951362609863, 3.927689790725708, 3.9648659229278564, 3.983048915863037, 3.99722957611084, 4.030394554138184, 4.036570072174072, 4.087715148925781, 4.097879409790039, 4.136022567749023, 4.175161361694336, 4.223289489746094, 4.22544002532959, 4.247574329376221, 6.599999904632568, 6.599999904632568, 6.599999904632568, 6.599999904632568, 6.599999904632568, 4.843052387237549, 4.842167377471924, 4.841278553009033, 4.890361785888672, 4.91745138168335, 4.9445366859436035, 4.996606826782227, 6.599999904632568, 5.043674945831299, 5.1187262535095215, 6.599999904632568, 5.2768168449401855, 5.275890827178955, 5.328937530517578, 5.328003406524658, 6.599999904632568, 6.599999904632568, 6.599999904632568, 6.599999904632568, 6.599999904632568, 6.599999904632568, 6.599999904632568, 6.599999904632568, 6.599999904632568, 6.599999904632568, 6.599999904632568, 6.599999904632568, 6.599999904632568, 6.599999904632568, 6.599999904632568, 6.599999904632568, 6.599999904632568, 6.599999904632568, 6.599999904632568, 6.599999904632568, 6.599999904632568, 6.599999904632568, 6.599999904632568, 6.599999904632568, 5.337503433227539, 5.318490982055664, 5.316466331481934, 5.309441566467285, 5.28542423248291, 5.275396823883057, 5.256371021270752, 5.246337890625, 5.236302375793457, 5.2042765617370605, 5.200232982635498, 5.1971869468688965, 0.6252169609069824, 0.624164342880249, 0.6240659356117249, 0.6239652633666992, 0.6238623857498169, 0.6228010654449463, 0.6217377781867981, 0.6254532337188721, 0.6243853569030762, 0.6223593950271606, 0.6165102124214172, 0.6183034181594849, 0.6143633127212524, 0.6122093796730042, 0.6111299395561218, 0.6100487112998962, 0.6118290424346924, 0.6107442378997803, 0.6058417558670044, 0.6038008332252502, 0.6027120351791382, 0.5986243486404419, 4.944660663604736, 0.5370575189590454, 0.538152277469635, 0.5344753861427307, 4.93328332901001, 0.5317587852478027, 0.5328589677810669, 0.5330074429512024, 0.6012780666351318, 0.5293481349945068, 0.5266465544700623, 0.5268018841743469, 0.5269586443901062, 0.5280672311782837, 0.5282264351844788, 0.596388041973114, 0.5236393809318542, 0.5238023996353149, 0.5892402529716492, 0.5230183005332947, 0.5231838822364807, 0.5242984890937805, 0.5235182046890259, 0.5217925310134888, 0.5219624638557434, 0.5900127291679382, 0.5221332311630249, 0.523250937461853, 0.5243690609931946, 0.5254875421524048, 0.5256602168083191, 0.5258333086967468, 0.5269526839256287, 0.5242905020713806, 0.5254102349281311, 0.5265300273895264, 0.5276498198509216, 0.5278246402740479, 0.5909047722816467, 0.5270552039146423, 0.5272305011749268, 0.5283498764038086, 0.5294691324234009, 0.5305882096290588, 0.5317068696022034, 0.5377225279808044, 0.5388402938842773, 0.5399577617645264, 0.5391843914985657, 0.540300726890564, 0.5414165258407593, 0.5444223284721375, 0.5436462759971619, 0.5438151359558105, 0.544928252696991, 0.5469859838485718, 0.5480977296829224, 0.5501542091369629, 0.5512643456459045, 0.5523736476898193, 0.5553744435310364, 0.5517520308494568, 0.5528581142425537, 0.5520720481872559, 0.5569592118263245, 0.553333044052124, 0.5563258528709412, 0.5574262738227844, 0.558525562286377, 0.5577314496040344, 0.5597740411758423, 0.5608693361282349, 0.5619632005691528, 0.5630557537078857, 0.571869432926178, 0.5691668391227722, 0.5702539682388306, 0.5713396072387695, 0.5705278515815735, 4.941278457641602, 0.5668728947639465, 0.5690305233001709, 4.968498706817627, 4.983564853668213, 4.995631217956543, 4.999699592590332, 5.004766941070557, 5.006833076477051, 5.007898330688477, 5.011959075927734, 5.02901029586792, 5.0530548095703125, 6.599999904632568, 6.599999904632568, 6.599999904632568, 6.599999904632568, 6.599999904632568, 6.599999904632568, 6.599999904632568, 6.599999904632568, 6.599999904632568, 6.599999904632568, 6.599999904632568, 6.599999904632568, 6.599999904632568, 6.599999904632568, 6.599999904632568, 4.0323662757873535, 4.026386260986328, 4.027398109436035, 4.035400390625, 4.036406517028809, 4.049398422241211, 4.075377464294434, 4.076374530792236, 4.082363605499268, 4.090348720550537, 4.118314266204834, 4.1562700271606445, 6.599999904632568, 6.599999904632568, 6.599999904632568, 6.599999904632568, 6.599999904632568, 6.599999904632568, 6.599999904632568, 6.599999904632568, 6.599999904632568, 6.599999904632568, 6.599999904632568, 6.599999904632568, 6.599999904632568, 6.599999904632568, 6.599999904632568, 6.599999904632568, 6.599999904632568, 6.599999904632568, 6.599999904632568, 6.599999904632568, 6.599999904632568, 6.599999904632568, 6.599999904632568, 6.599999904632568, 6.599999904632568, 6.599999904632568, 6.599999904632568, 6.599999904632568, 6.599999904632568, 6.599999904632568, 6.599999904632568, 6.599999904632568, 6.599999904632568, 1.1963425874710083, 1.1980403661727905, 1.2266647815704346, 1.2275055646896362, 1.2283422946929932, 1.2172645330429077, 1.2180920839309692, 1.215937614440918, 1.2167564630508423, 1.2163960933685303, 1.21918785572052, 1.2199897766113281, 1.2188013792037964, 1.2205874919891357, 1.2223695516586304, 1.222160816192627, 1.2199610471725464, 1.2237166166305542, 1.2341971397399902, 1.2359538078308105, 1.2406877279281616, 1.2434298992156982, 1.2441799640655518, 1.2446720600128174, 1.245408058166504, 1.2441511154174805, 1.23493492603302, 1.2346619367599487, 1.2333897352218628, 1.2321126461029053, 1.232819676399231, 1.233521819114685, 1.2352139949798584, 1.2359068393707275, 1.2372781038284302, 1.2429313659667969, 1.2436052560806274, 1.2432790994644165, 1.2449384927749634, 1.249578833580017, 1.2552106380462646, 1.257501482963562, 1.2601330280303955, 1.2607685327529907, 1.2683695554733276, 1.2689952850341797, 1.2636407613754272, 1.264256238937378, 1.280414342880249, 1.2879894971847534, 2.4756414890289307, 2.467240571975708, 2.458834648132324, 2.4434282779693604, 2.4410054683685303, 2.424588680267334, 2.4181575775146484, 2.4037272930145264, 2.394287109375, 2.374389886856079, 2.370927333831787, 2.3614635467529297, 2.3569905757904053, 2.3485140800476074, 2.3300392627716064, 2.3285462856292725, 2.317054033279419, 2.3165485858917236, 2.309041976928711, 2.3095240592956543, 2.301006317138672, 2.291483163833618, 2.2789554595947266, 2.279414176940918, 2.279866933822632, 6.599999904632568, 6.599999904632568, 6.599999904632568, 6.599999904632568, 6.599999904632568, 2.2139062881469727, 2.19831919670105, 2.195719003677368, 2.1961114406585693, 2.196497917175293, 2.196878433227539, 2.1972529888153076, 2.1776304244995117, 2.1769933700561523, 2.1703522205352783, 2.163705587387085, 2.161051034927368, 2.161388874053955, 2.147725820541382, 2.146052360534668, 2.140687942504883, 2.1369969844818115, 2.1332993507385254, 2.1335947513580322, 2.131884813308716, 2.1221702098846436, 2.1214475631713867, 2.120718479156494, 2.1159846782684326, 2.1162428855895996, 2.1134958267211914, 2.108743190765381, 2.0939862728118896, 2.0904479026794434, 2.088669776916504, 2.0878851413726807, 2.0880939960479736, 2.087296962738037, 2.087493658065796, 2.0796849727630615, 2.076869487762451, 2.075047731399536, 2.0672202110290527, 2.067385673522949, 2.0646982192993164, 2.061845541000366, 2.060986042022705, 2.0611205101013184, 2.0512490272521973, 2.0503711700439453, 2.0004892349243164, 6.599999904632568, 1.1966588497161865, 1.1757572889328003, 1.1728473901748657, 1.1729315519332886, 1.168082594871521, 1.164149522781372, 1.1672102212905884, 1.1672652959823608, 1.1673145294189453, 1.1673579216003418, 1.16742742061615, 1.1664535999298096, 1.1664739847183228, 1.1664884090423584, 1.1664971113204956, 1.1584970951080322, 1.158488392829895, 1.1574739217758179, 1.1574536561965942, 1.1584275960922241, 1.1553581953048706, 1.1563148498535156, 1.1552656888961792, 1.1552107334136963, 1.156149983406067, 1.1600831747055054, 1.1690101623535156, 1.1778470277786255, 6.599999904632568, 2.022700309753418, 2.0315968990325928, 2.035487413406372, 2.034372091293335, 2.035250186920166, 2.0351221561431885, 2.034987688064575, 2.0348474979400635, 2.0375478267669678, 2.037388801574707, 2.0402231216430664, 2.0400516986846924, 2.0408740043640137, 2.0406901836395264, 2.0484988689422607, 2.0483028888702393, 2.0520997047424316, 2.0538907051086426, 2.054675817489624, 2.062453269958496, 6.599999904632568, 6.599999904632568, 6.599999904632568, 6.599999904632568, 6.599999904632568, 6.599999904632568, 6.599999904632568, 6.599999904632568, 2.07889986038208, 2.0786116123199463, 2.0783169269561768, 2.087013006210327, 2.088392734527588, 2.0900728702545166, 2.0927469730377197, 2.100412607192993, 2.1040737628936768, 2.1037304401397705, 2.1133766174316406, 2.114020824432373, 2.1166582107543945, 2.1172900199890137, 2.1189157962799072, 2.1225345134735107, 2.1271464824676514, 2.137748956680298, 2.139946699142456, 2.146533250808716, 2.1481168270111084, 2.1606876850128174, 2.1672561168670654, 2.16982102394104, 2.1803746223449707, 2.179929494857788, 2.179478406906128, 2.18401837348938, 2.192549467086792, 2.193080186843872, 2.1946041584014893, 2.2041165828704834, 2.204629898071289, 2.223123550415039, 2.2236247062683105, 2.228607177734375, 2.238083839416504, 2.24855375289917, 2.2580184936523438, 2.262481689453125, 2.2629427909851074, 2.2753872871398926, 2.2818315029144287, 2.2932653427124023, 2.3016958236694336, 2.304126262664795, 2.313544511795044, 2.314964771270752, 2.322373151779175, 2.3257803916931152, 2.3421688079833984, 2.3535563945770264, 2.3659372329711914, 2.367323637008667, 2.373699426651001, 2.3840653896331787, 2.388432025909424, 2.4107742309570312, 2.412132978439331, 2.429469108581543, 2.443802833557129, 2.4441463947296143, 2.4604668617248535, 2.4791066646575928, 2.495410680770874, 2.4987239837646484, 2.519012689590454, 2.5273094177246094, 2.53659987449646, 2.545884847640991, 2.5681498050689697, 2.580420732498169, 2.588690996170044, 6.599999904632568, 6.599999904632568, 6.599999904632568, 2.6596765518188477, 2.658931255340576, 2.6581814289093018, 6.599999904632568, 6.599999904632568, 6.599999904632568, 6.599999904632568, 6.599999904632568, 6.599999904632568, 2.794624090194702, 2.7938339710235596, 2.793039321899414, 2.818208932876587, 2.8343846797943115, 2.8435637950897217, 2.8667216300964355, 2.8708975315093994, 2.8990402221679688, 2.9181888103485107, 2.9223504066467285, 2.9454851150512695, 2.9726107120513916, 2.979755163192749, 6.599999904632568, 3.0048744678497314, 3.0239956378936768, 3.0541000366210938, 3.062225580215454, 3.0843305587768555, 1.088377594947815, 1.0875000953674316, 1.0876080989837646, 1.0868229866027832, 1.0859302282333374, 1.0899786949157715, 1.084133505821228, 1.083229660987854, 1.0862770080566406, 1.0853655338287354, 1.0844504833221436, 1.0835318565368652, 1.0767427682876587, 1.075814127922058, 1.0788341760635376, 1.0778980255126953, 1.078934669494629, 1.0799674987792969, 1.0770454406738281, 1.0760958194732666, 1.0781059265136719, 1.0741866827011108, 1.0732272863388062, 1.0791767835617065, 1.0782103538513184, 1.0772408246994019, 1.0752922296524048, 1.0743132829666138, 1.073331356048584, 1.0753073692321777, 1.0772801637649536, 1.0733280181884766, 1.0752943754196167, 1.0742971897125244, 1.073297142982483, 1.0722942352294922, 1.0732616186141968, 1.077186107635498, 1.078147530555725, 1.0771329402923584, 1.074142575263977, 1.0760819911956787, 1.0760457515716553, 1.0750205516815186, 1.0739926099777222, 1.080852746963501, 1.0798193216323853, 1.0827287435531616, 1.0826764106750488, 1.0816353559494019, 1.0805920362472534, 1.0794843435287476, 1.0804063081741333, 1.0793535709381104, 1.0812567472457886, 1.0821716785430908, 1.082098364830017, 1.0830086469650269, 1.0849031209945679, 1.1368452310562134, 1.0897537469863892, 1.0886856317520142, 1.0875294208526611, 6.599999904632568, 1.0903996229171753, 1.0903096199035645, 1.093176007270813, 1.092096209526062, 1.0929869413375854, 1.0948617458343506, 1.0967351198196411, 1.1005792617797852, 1.099490761756897, 1.101359248161316, 1.0973089933395386, 1.0991743803024292, 1.098079800605774, 1.1661369800567627, 6.599999904632568, 6.599999904632568, 6.599999904632568, 6.599999904632568, 6.599999904632568, 6.599999904632568, 6.599999904632568, 6.599999904632568, 6.599999904632568, 6.599999904632568, 6.599999904632568, 6.599999904632568, 6.599999904632568, 6.599999904632568, 6.599999904632568, 6.599999904632568, 6.599999904632568, 6.599999904632568, 6.599999904632568, 6.599999904632568, 6.599999904632568, 6.599999904632568, 6.599999904632568, 6.599999904632568, 6.599999904632568, 6.599999904632568, 6.599999904632568, 6.599999904632568, 6.599999904632568, 6.599999904632568, 6.599999904632568, 6.599999904632568, 6.599999904632568, 6.599999904632568, 6.599999904632568, 6.599999904632568, 6.599999904632568, 6.599999904632568, 6.599999904632568, 6.599999904632568, 6.599999904632568, 6.599999904632568, 6.599999904632568, 6.599999904632568, 6.599999904632568, 6.599999904632568, 6.599999904632568, 6.599999904632568, 6.599999904632568, 6.599999904632568, 6.599999904632568, 6.599999904632568, 6.599999904632568, 6.599999904632568, 6.599999904632568, 6.599999904632568, 6.599999904632568, 6.599999904632568, 6.599999904632568, 6.599999904632568, 6.599999904632568, 6.599999904632568, 6.599999904632568, 6.599999904632568, 6.599999904632568, 6.599999904632568, 6.599999904632568, 6.599999904632568, 6.599999904632568, 6.599999904632568, 6.599999904632568, 6.599999904632568, 6.599999904632568, 6.599999904632568, 6.599999904632568, 6.599999904632568, 6.599999904632568, 6.599999904632568, 6.599999904632568, 6.599999904632568, 6.599999904632568, 6.599999904632568, 6.599999904632568, 6.599999904632568, 6.599999904632568, 6.599999904632568, 6.599999904632568, 6.599999904632568, 6.599999904632568, 6.599999904632568, 6.599999904632568, 6.599999904632568, 6.599999904632568, 6.599999904632568, 6.599999904632568, 6.599999904632568, 6.599999904632568, 6.599999904632568, 6.599999904632568, 6.599999904632568, 6.599999904632568, 1.951561689376831, 1.9505411386489868, 1.9375637769699097, 6.599999904632568, 1.9849714040756226, 1.981000542640686, 1.975034236907959, 1.9680685997009277, 1.967077612876892, 1.962098479270935, 1.959108591079712, 1.9561158418655396, 6.599999904632568, 1.9301949739456177, 1.9261959791183472, 1.9192050695419312, 1.902248501777649, 1.8982393741607666, 1.8772921562194824, 1.8782567977905273, 1.8792181015014648, 6.599999904632568, 6.599999904632568, 6.599999904632568, 6.599999904632568, 6.599999904632568, 6.599999904632568, 6.599999904632568, 6.599999904632568, 6.599999904632568, 6.599999904632568, 6.599999904632568, 6.599999904632568, 6.599999904632568, 5.095468521118164, 6.599999904632568, 4.9324445724487305, 4.868371963500977, 4.8482747077941895, 4.849164009094238, 4.831058502197266, 4.815946102142334, 4.754851818084717, 4.707746505737305, 4.678628921508789, 4.622519016265869, 4.60038948059082, 4.559263706207275, 4.560113430023193, 4.5609588623046875, 4.532814025878906, 4.459686279296875, 4.328583717346191, 4.292428970336914, 4.267263889312744, 4.235097885131836, 4.224915981292725, 4.16775369644165, 4.166557312011719, 4.130374431610107, 4.092187881469727, 4.074985027313232, 4.038787841796875, 4.024573802947998, 3.9913649559020996, 3.970144748687744, 3.942922830581665, 3.925690174102783, 3.897458553314209, 3.859226942062378, 3.8589706420898438, 3.8157315254211426, 3.8054697513580322, 3.765218734741211, 3.7629425525665283, 3.72867751121521, 3.7074005603790283, 3.6941142082214355, 3.6768245697021484, 3.655531883239746, 3.6432290077209473, 3.6159284114837646, 3.6066131591796875, 3.5872976779937744, 3.575972318649292, 3.531658411026001, 3.519322633743286, 3.481994152069092, 3.470646858215332, 3.450298547744751, 3.4439375400543213, 3.4235777854919434, 3.4162063598632812, 3.398834228515625, 3.3744595050811768, 3.3570756912231445, 3.3496811389923096, 3.344280481338501, 3.329878330230713, 3.296478509902954, 3.296058416366577, 3.2906346321105957, 3.2612154483795166, 3.252781391143799, 3.23734450340271, 3.225900173187256, 3.2224462032318115, 3.213989019393921, 3.1955296993255615, 3.192058563232422, 3.182583808898926, 3.16910457611084, 3.153620481491089, 3.1461267471313477, 3.120126247406006, 3.119612693786621, 3.1130948066711426, 3.092576026916504, 3.0850467681884766, 3.0835092067718506, 3.081965923309326, 3.069420099258423, 3.0528690814971924, 3.05230712890625, 3.0307457447052, 3.0251731872558594, 3.01859450340271, 3.0020129680633545, 2.9984214305877686, 2.9978229999542236, 2.9882209300994873, 2.986610174179077, 2.9709970951080322, 2.9663751125335693, 2.9657459259033203, 2.955112934112549, 2.9544715881347656, 2.949824571609497, 2.930514335632324, 2.9298481941223145, 2.9121787548065186, 2.9105000495910645, 2.905815601348877, 2.902125120162964, 2.899428129196167, 2.8967244625091553, 2.8860158920288086, 2.8862996101379395, 2.8765780925750732, 2.874849319458008, 2.8731143474578857, 2.869373083114624, 2.8666255474090576, 2.8658714294433594, 2.856112241744995, 2.8553454875946045, 2.8545725345611572, 2.8457939624786377, 2.8382163047790527, 2.834418296813965, 2.830613613128662, 2.825802803039551, 2.8239855766296387, 2.8231613636016846, 2.82133150100708, 2.8184947967529297, 2.8166518211364746, 2.808802843093872, 2.8049473762512207, 2.8030848503112793, 2.8032162189483643, 2.8003413677215576, 2.7994601726531982, 2.798678398132324, 2.7927780151367188, 2.7878708839416504, 2.7879574298858643, 2.7850377559661865, 2.785111427307129, 2.7851788997650146, 2.7842397689819336, 2.777294635772705, 2.7773427963256836, 2.7733843326568604, 2.7724196910858154, 2.7724485397338867, 2.7724709510803223, 2.772486925125122, 2.774496555328369, 6.599999904632568]
intensities: []
---

